30
50 10 5 5 
50 1.0
300 200 100 200 300 100 200 300 200 100 300 200 100 200 300 100 200 300 200 100 100 500 300 200 200 400 100 100 300 200 400 500 100 200 400 500 100 300 200 400 700 100 200 500 300 800 600 200 100 300
20
1 1000 2000 10000
1 2000 2000 10000
1 3000 2000 10000
1 4000 2000 10000
1 5000 2000 10000
1 6000 2000 10000
1 7000 2000 10000
2 1000 2000 10000
2 2000 2000 10000
2 3000 2000 10000
2 4000 2000 10000
3 1000 2000 10000
3 2000 2000 10000
3 3000 2000 10000
3 4000 2000 10000
4 1000 2000 10000
4 1000 2000 10000
6 1000 2000 10000
6 1000 2000 10000
8 1000 2000 10000